Webots Project File version 8.3.2
perspectives: 000000ff00000000fd0000000300000000000001ca0000039ffc0200000001fb00000012005300630065006e0065005400720065006501000000000000039f000000000000000000000001000002ab000001d0fc0200000001fb0000001400540065007800740045006400690074006f00720100000015000001d00000009d00ffffff0000000300000552000000dafc0100000001fb0000000e0043006f006e0073006f006c00650100000000000005520000005400ffffff000002a1000001d000000004000000040000000100000008fc00000000
simulationViewPerspectives: 000000ff00000001000000020000016c000004a00100000006010000000101
sceneTreePerspectives: 000000ff000000010000000200000192000000000100000006010000000201
minimizedPerspectives: 000000ff00000000fd00000003000000000000016c00000469fc0200000001fb00000012005300630065006e006500540072006500650100000019000004690000018500ffffff000000010000022e0000036bfc0200000001fb0000001400540065007800740045006400690074006f007201000000190000036b000000ab00ffffff00000003000005cd000000f8fc0100000001fb0000000e0043006f006e0073006f006c00650100000172000005cd0000004e00ffffff000003990000036b00000004000000040000000100000008fc00000000
maximizedDockId: -1
centralWidgetVisible: 1
orthographicViewHeight: 1
textFiles: 2 "controllers/crossroads_traffic_lights/crossroads_traffic_lights.c" "controllers/traffic_light/traffic_light.c" "controllers/autonomous_vehicle/autonomous_vehicle.c"
renderingDevicePerspectives: 567;0;6;1.78548;0.00980392
renderingDevicePerspectives: 585;1;0.775;0.259076;0.48315
renderingDevicePerspectives: 576;1;1.21094;0.259076;0.146446
